0.0000000e+00
0.0000000e+00
0.0000000e+00
0.0000000e+00
0.0000000e+00
0.0000000e+00
0.0000000e+00
0.0000000e+00
0.0000000e+00
0.0000000e+00
0.0000000e+00
0.0000000e+00
0.0000000e+00
0.0000000e+00
0.0000000e+00
0.0000000e+00
0.0000000e+00
0.0000000e+00
0.0000000e+00
0.0000000e+00
0.0000000e+00
0.0000000e+00
0.0000000e+00
0.0000000e+00
0.0000000e+00
0.0000000e+00
0.0000000e+00
0.0000000e+00
0.0000000e+00
0.0000000e+00
0.0000000e+00
3.9648723e-304
1.9992893e-298
1.3583661e-294
-2.3602751e-291
1.4029298e-288
-4.1936799e-286
2.0180538e-284
1.6909609e-281
-2.6267099e-279
-9.8604312e-278
2.8603943e-275
4.7618814e-274
-1.2964924e-271
-3.4630980e-270
2.6164873e-268
1.2331709e-266
-1.1464346e-265
-1.7586480e-263
-2.9749887e-262
7.4286133e-261
3.7038141e-259
3.8895207e-258
-9.9570552e-257
-3.7430478e-255
-3.8665210e-254
4.6974654e-253
2.0224103e-251
2.5258806e-250
-1.6945315e-250
-5.6047625e-248
-9.1989469e-247
-5.4815636e-246
5.7691386e-245
1.7020533e-243
1.8268397e-242
6.1306688e-242
-1.2083458e-240
-2.3748079e-239
-2.0978734e-238
-6.3873515e-238
9.8692719e-237
1.8191025e-235
1.5699791e-234
6.4382106e-234
-2.9621907e-233
-7.9010255e-232
-7.6600158e-231
-4.3431701e-230
-6.6920616e-230
1.6409445e-228
2.2489360e-227
1.7146135e-226
8.0959683e-226
7.2565986e-226
-3.0226281e-224
-3.6612724e-223
-2.6392529e-222
-1.2530586e-221
-2.1791924e-221
2.8769761e-220
3.8774163e-219
2.8697381e-218
1.4456277e-217
3.9300868e-217
-1.2694170e-216
-2.5884949e-215
-2.0540442e-214
-1.1009177e-213
-3.8136172e-213
-1.7128749e-213
9.5169359e-212
8.8826219e-211
5.1544408e-210
2.1039003e-209
4.8594148e-209
-9.9669220e-209
-1.9100618e-207
-1.3009908e-206
-6.2162376e-206
-2.2338803e-205
-5.4998618e-205
-2.9737365e-205
6.4980203e-204
5.3926693e-203
3.3596641e-202
2.0069151e-201
1.1598175e-200
6.0419651e-200
2.5756954e-199
7.2494989e-199
-4.0774189e-199
-2.2659279e-197
-1.8629636e-196
-1.0329325e-195
-4.2630903e-195
-1.1734962e-194
-2.6698403e-195
2.1933093e-193
1.7308092e-192
8.8194320e-192
3.3116343e-191
8.1957204e-191
4.4308755e-192
-1.3915077e-189
-9.9224829e-189
-4.6381581e-188
-1.6032518e-187
-3.6305993e-187
2.6153010e-188
5.6949071e-186
3.7487399e-185
1.6383992e-184
5.3286573e-184
1.1465849e-183
1.1211923e-185
-1.5424633e-182
-9.7308493e-182
-4.0683856e-181
-1.2750540e-180
-2.7209922e-180
-8.4510049e-181
2.7858955e-179
1.7695446e-178
7.2582767e-178
2.2460486e-177
4.9437279e-177
3.7811614e-177
-3.2067824e-176
-2.2349327e-175
-9.2889385e-175
-2.9141376e-174
-6.8402170e-174
-8.8795659e-174
1.7913652e-173
1.8216537e-172
8.1508336e-172
2.6931038e-171
6.9921003e-171
1.3234950e-170
9.3562920e-171
-6.1967593e-170
-3.9606859e-169
-1.5425224e-168
-4.8320378e-168
-1.3040355e-167
-3.0779721e-167
-6.1007878e-167
-7.8328616e-167
1.0934172e-166
1.4573020e-165
7.8815121e-165
3.3068565e-164
1.1712740e-163
3.5101714e-163
8.4168810e-163
1.2591848e-162
-1.3673351e-162
-2.0452491e-161
-1.0150177e-160
-3.6610445e-160
-1.0482114e-159
-2.2879530e-159
-2.7213096e-159
6.0817160e-159
5.6268319e-158
2.4202868e-157
7.7558082e-157
1.9536260e-156
3.5296776e-156
1.8372736e-156
-1.9538494e-155
-1.1328972e-154
-4.1155478e-154
-1.1559293e-153
-2.5140758e-153
-3.4625336e-153
2.2380689e-153
3.7117716e-152
1.6347228e-151
5.1473935e-151
1.2753710e-150
2.3621222e-150
2.0678428e-150
-7.0565901e-150
-4.7991428e-149
-1.7637671e-148
-4.9297232e-148
-1.0852367e-147
-1.6756977e-147
-4.0309504e-148
9.4088847e-147
4.5936744e-146
1.4810102e-145
3.7414275e-145
7.3614950e-145
9.1624216e-145
-5.8625196e-145
-8.4696002e-144
-3.4259376e-143
-9.9917357e-143
-2.3152303e-142
-4.0967235e-142
-3.9083900e-142
7.7379460e-142
5.7656162e-141
2.0604350e-140
5.5553396e-140
1.1966225e-139
1.9212303e-139
1.3116203e-139
-5.5082061e-139
-3.1261940e-138
-1.0244982e-137
-2.5981864e-137
-5.2734054e-137
-7.7924809e-137
-3.5335802e-137
2.8383754e-136
1.3916772e-135
4.2912776e-135
1.0392627e-134
2.0163304e-134
2.8010935e-134
8.3514348e-135
-1.1470947e-133
-5.1880071e-133
-1.5360045e-132
-3.6024143e-132
-6.7831127e-132
-9.1052303e-132
-2.2306477e-132
3.7581725e-131
1.6411687e-130
4.7485604e-130
1.0929760e-129
2.0281151e-129
2.7101926e-129
8.1694415e-130
-1.0109387e-128
-4.4421891e-128
-1.2774582e-127
-2.9228574e-127
-5.4231343e-127
-7.4111276e-127
-3.3145971e-127
2.2250043e-126
1.0326347e-125
3.0040328e-125
6.9183870e-125
1.3003495e-124
1.8540679e-124
1.1967286e-124
-3.8947281e-124
-2.0584596e-123
-6.1842533e-123
-1.4518231e-122
-2.7955078e-122
-4.2101669e-122
-3.6231098e-122
4.9126013e-122
3.4865440e-121
1.1124055e-120
2.6989995e-120
5.3767428e-120
8.6061585e-120
9.2025233e-120
-2.4794291e-120
-4.8992425e-119
-1.7369949e-118
-4.4304297e-118
-9.2185714e-118
-1.5724174e-117
-1.9836092e-117
-7.8869944e-118
5.3643695e-117
2.3211497e-116
6.3798985e-116
1.4018592e-115
2.5527785e-115
3.6666072e-115
3.0730344e-115
-3.6219958e-115
-2.5740708e-114
-7.9655693e-114
-1.8774382e-113
-3.6622813e-113
-5.8539820e-113
-6.7385808e-113
-1.2920854e-113
2.1898181e-112
8.4342938e-112
2.1905364e-111
4.6129673e-111
8.1022141e-111
1.1274067e-110
9.2182231e-111
-1.0296469e-110
-7.2162346e-110
-2.1856852e-109
-5.0537243e-109
-9.7197534e-109
-1.5486451e-108
-1.8420828e-108
-7.2444599e-109
4.3188129e-108
1.7965177e-107
4.7384750e-107
1.0056184e-106
1.7924280e-106
2.6045227e-106
2.5766319e-106
-4.7561241e-107
-1.1034015e-105
-3.6822898e-105
-8.8592548e-105
-1.7601657e-104
-2.9431238e-104
-3.9264355e-104
-3.1251393e-104
3.1303089e-104
2.1898245e-103
6.4581701e-103
1.4567020e-102
2.7513611e-102
4.3684625e-102
5.4118942e-102
3.3797078e-102
-7.1754454e-102
-3.6222443e-101
-9.9041118e-101
-2.1355643e-100
-3.8866818e-100
-5.9384855e-100
-6.9585804e-100
-3.4748597e-100
1.1753091e-99
5.1500773e-99
1.3460210e-98
2.8186149e-98
5.0066116e-98
7.4699284e-98
8.4926236e-98
3.7852740e-98
-1.5349875e-97
-6.3900641e-97
-1.6344676e-96
-3.3708312e-96
-5.9164144e-96
-8.7521113e-96
-9.9378846e-96
-4.7200107e-96
1.6403042e-95
6.9622091e-95
1.7807321e-94
3.6654693e-94
6.4333483e-94
9.5739561e-94
1.1151010e-93
6.4201927e-94
-1.4087992e-93
-6.6523478e-93
-1.7414277e-92
-3.6265298e-92
-6.4377404e-92
-9.7621376e-92
-1.1895766e-91
-8.5734410e-92
8.8183992e-92
5.5151180e-91
1.5229389e-90
3.2571978e-90
5.9135026e-90
9.2346190e-90
1.1910950e-89
1.0501120e-89
-2.1283279e-90
-3.8582685e-89
-1.1799429e-88
-2.6411814e-88
-4.9613460e-88
-8.0494593e-88
-1.1047518e-87
-1.1485672e-87
-4.0151869e-88
2.1146644e-87
7.9456930e-87
1.9145785e-86
3.7731631e-86
6.4126756e-86
9.3824197e-86
1.1133524e-85
8.0700222e-86
-6.7055177e-86
-4.4625914e-85
-1.2196103e-84
-2.5725640e-84
-4.6244710e-84
-7.2227402e-84
-9.5496432e-84
-9.4729760e-84
-2.6231629e-84
1.8665599e-83
6.6074280e-83
1.5458312e-82
2.9824388e-82
4.9903150e-82
7.2395197e-82
8.6486893e-82
6.7717837e-82
-2.9945401e-82
-2.8178187e-81
-7.9430652e-81
-1.6904441e-80
-3.0583909e-80
-4.8344359e-80
-6.5811814e-80
-7.1230880e-80
-4.0263965e-80
7.0140586e-80
3.2655483e-79
8.1733184e-79
1.6344100e-78
2.8223372e-78
4.2711026e-78
5.5247654e-78
5.4825844e-78
1.9957195e-78
-8.5699270e-78
-3.1598959e-77
-7.3881550e-77
-1.4187010e-76
-2.3729773e-76
-3.4846540e-76
-4.3530707e-76
-4.0691994e-76
-9.2491356e-77
7.8818991e-76
2.6384360e-75
5.9498094e-75
1.1161919e-74
1.8330373e-74
2.6488750e-74
3.2583286e-74
2.9907528e-74
6.1272538e-75
-5.8650820e-74
-1.9264226e-73
-4.2977309e-73
-7.9995040e-73
-1.3066224e-72
-1.8843793e-72
-2.3290494e-72
-2.1959839e-72
-6.7254177e-73
3.5467293e-72
1.2312803e-71
2.7868057e-71
5.2258760e-71
8.5977325e-71
1.2539815e-70
1.5854830e-70
1.5893042e-70
7.7687857e-71
-1.6434728e-70
-6.8090456e-70
-1.6133639e-69
-3.1000698e-69
-5.2029772e-69
-7.7667859e-69
-1.0183446e-68
-1.1042547e-68
-7.6757586e-69
4.3341370e-69
3.1493665e-68
8.2215255e-68
1.6546680e-67
2.8727120e-67
4.4372627e-67
6.0901191e-67
7.1708032e-67
6.3686336e-67
1.4358536e-67
-1.1059422e-66
-3.5773450e-66
-7.8122277e-66
-1.4284214e-65
-2.3091363e-65
-3.3403771e-65
-4.2586145e-65
-4.4952600e-65
-3.0216341e-65
1.8087344e-65
1.2355015e-64
3.1597512e-64
6.2655505e-64
1.0761339e-63
1.6526036e-63
2.2730210e-63
2.7268251e-63
2.5998514e-63
1.1864880e-63
-2.5884226e-63
-1.0193045e-62
-2.3378409e-62
-4.3811274e-62
-7.2277010e-62
-1.0723817e-61
-1.4252824e-61
-1.6403430e-61
-1.4544592e-61
-4.3613891e-62
2.0511670e-61
6.8495206e-61
1.4926235e-60
2.7145872e-60
4.3803742e-60
6.3812857e-60
8.3439564e-60
9.4530070e-60
8.2294496e-60
2.2961227e-60
-1.1796713e-59
-3.8548823e-59
-8.3066343e-59
-1.4986648e-58
-2.4049134e-58
-3.4941769e-58
-4.5777585e-58
-5.2462361e-58
-4.7610948e-58
-1.9399820e-58
4.9306384e-58
1.8093031e-57
4.0124642e-57
7.3405118e-57
1.1904747e-56
1.7506343e-56
2.3354122e-56
2.7670719e-56
2.7198154e-56
1.6660166e-56
-1.1683918e-56
-6.8142644e-56
-1.6494359e-55
-3.1422917e-55
-5.2389200e-55
-7.9029074e-55
-1.0868827e-54
-1.3481125e-54
-1.4487319e-54
-1.1803858e-54
-2.3010738e-55
1.8303767e-54
5.5297654e-54
1.1434699e-53
2.0009808e-53
3.1363916e-53
4.4844155e-53
5.8447906e-53
6.8048254e-53
6.6481825e-53
4.2639784e-53
-1.9156029e-53
-1.3901326e-52
-3.3983994e-52
-6.4322814e-52
-1.0616137e-51
-1.5853749e-51
-2.1637437e-51
-2.6791627e-51
-2.9163540e-51
-2.5302280e-51
-1.0212044e-51
2.2672549e-51
8.1062349e-51
1.7262713e-50
3.0265648e-50
4.7014657e-50
6.6196101e-50
8.4496534e-50
9.5657498e-50
8.9511009e-50
5.1284018e-50
-3.8329372e-50
-2.0156081e-49
-4.5935835e-49
-8.2323907e-49
-1.2817529e-48
-1.7803466e-48
-2.1943154e-48
-2.2965036e-48
-1.7249880e-48
3.8274565e-50
3.6584323e-48
9.8776591e-48
1.9339648e-47
3.2250096e-47
4.7803742e-47
6.3308270e-47
7.2957361e-47
6.6267083e-47
2.6315834e-47
-7.1850504e-47
-2.6193396e-46
-5.8498776e-46
-1.0839681e-45
-1.7914112e-45
-2.7064261e-45
-3.7562932e-45
-4.7375118e-45
-5.2317712e-45
-4.4950254e-45
-1.3240776e-45
6.0831848e-45
2.0237990e-44
4.4374682e-44
8.2257324e-44
1.3760728e-43
2.1290420e-43
3.0722659e-43
4.1271480e-43
5.0918655e-43
5.5645953e-43
4.8411375e-43
1.7887148e-43
-5.2935557e-43
-1.8801929e-42
-4.1893416e-42
-7.8403846e-42
-1.3248302e-41
-2.0774543e-41
-3.0565459e-41
-4.2277123e-41
-5.4641514e-41
-6.4824834e-41
-6.7533296e-41
-5.3843104e-41
-9.7811441e-42
8.5222453e-41
2.5972811e-40
5.5099257e-40
1.0040791e-39
1.6679438e-39
2.5863871e-39
3.7809191e-39
5.2216546e-39
6.7814613e-39
8.1680001e-39
8.8284906e-39
7.8237128e-39
3.6720165e-39
-5.8275552e-39
-2.3769501e-38
-5.4266929e-38
-1.0244648e-37
-1.7418338e-37
-2.7538132e-37
-4.1051942e-37
-5.8009121e-37
-7.7645887e-37
-9.7755767e-37
-1.1378465e-36
-1.1759658e-36
-9.5881890e-37
-2.8236352e-37
1.1495502e-36
3.7452069e-36
8.0381137e-36
1.4683363e-35
2.4421946e-35
3.7990385e-35
5.5943913e-35
7.8350838e-35
1.0430462e-34
1.3119052e-34
1.5363905e-34
1.6210412e-34
1.4102871e-34
6.6616548e-35
-9.5668528e-35
-3.9358174e-34
-8.8999466e-34
-1.6632587e-33
-2.8045363e-33
-4.4098729e-33
-6.5638625e-33
-9.3106600e-33
-1.2606887e-32
-1.6249808e-32
-1.9773282e-32
-2.2303911e-32
-2.2371079e-32
-1.7668394e-32
-4.7715331e-33
2.1169272e-32
6.6722748e-32
1.4038489e-31
2.5258514e-31
4.1531102e-31
6.4108949e-31
9.4096076e-31
1.3209586e-30
1.7764773e-30
2.2837744e-30
2.7877548e-30
3.1851506e-30
3.3023147e-30
2.8671811e-30
1.4756380e-30
-1.4462098e-30
-6.6804336e-30
-1.5249863e-29
-2.8434061e-29
-4.7751883e-29
-7.4885859e-29
-1.1151343e-28
-1.5899764e-28
-2.1787559e-28
-2.8706734e-28
-3.6271310e-28
-4.3653526e-28
-4.9361830e-28
-5.0951143e-28
-4.4659533e-28
-2.4972878e-28
1.5867823e-28
8.8380938e-28
2.0631347e-27
3.8695273e-27
6.5110543e-27
1.0224855e-26
1.5261443e-26
2.1854431e-26
3.0169072e-26
4.0221230e-26
5.1756428e-26
6.4076860e-26
7.5802797e-26
8.4554376e-26
8.6540972e-26
7.6049231e-26
4.4828966e-26
-1.8609894e-26
-1.2975364e-25
-3.0882506e-25
-5.8138977e-25
-9.7864354e-25
-1.5371051e-24
-2.2973211e-24
-3.3010410e-24
-4.5861362e-24
-6.1783197e-24
-8.0784760e-24
-1.0244142e-23
-1.2563405e-23
-1.4819257e-23
-1.6642253e-23
-1.7449359e-23
-1.6367056e-23
-1.2137444e-23
-3.0072767e-24
1.3398136e-23
4.0211083e-23
8.1457974e-23
1.4218001e-22
2.2851279e-22
3.4768754e-22
5.0790096e-22
7.1798053e-22
9.8674676e-22
1.3219433e-21
1.7285689e-21
2.2064014e-21
2.7464582e-21
3.3260809e-21
3.9022809e-21
4.4029294e-21
4.7153299e-21
4.6716876e-21
4.0309902e-21
2.4568683e-21
-5.0888187e-22
-5.4772062e-21
-1.3246873e-20
-2.4842921e-20
-4.1556889e-20
-6.4986129e-20
-9.7067972e-20
-1.4010252e-19
-1.9675504e-19
-2.7002566e-19
-3.6316918e-19
-4.7954267e-19
-6.2235092e-19
-7.9425126e-19
-9.9676848e-19
-1.2294572e-18
-1.4887336e-18
-1.7662786e-18
-2.0468940e-18
-2.3056637e-18
-2.5042450e-18
-2.5860751e-18
-2.4702419e-18
-2.0437162e-18
-1.1515933e-18
4.1506918e-19
2.9342958e-18
6.7716738e-18
1.2402901e-17
2.0441126e-17
3.1669885e-17
4.7082572e-17
6.7929443e-17
9.5773312e-17
1.3255518e-16
1.8067117e-16
2.4306230e-16
3.2331866e-16
4.2579973e-16
5.5577286e-16
7.1957154e-16
9.2477593e-16
1.1804175e-15
1.4972102e-15
1.8878102e-15
2.3671070e-15
2.9525473e-15
3.6644958e-15
4.5266321e-15
5.5663893e-15
6.8154342e-15
8.3101911e-15
1.0092412e-14
1.2209793e-14
1.4716639e-14
1.7674579e-14
2.1153330e-14
2.5231505e-14
2.9997479e-14
3.5550296e-14
4.2000621e-14
4.9471742e-14
5.8100603e-14
6.8038883e-14
7.9454101e-14
9.2530750e-14
1.0747145e-13
1.2449813e-13
1.4385317e-13
1.6580063e-13
1.9062736e-13
2.1864417e-13
2.5018696e-13
2.8561774e-13
3.2532570e-13
3.6972813e-13
4.1927129e-13
4.7443124e-13
5.3571444e-13
6.0365837e-13
6.7883194e-13
7.6183575e-13
8.5330228e-13
9.5389578e-13
1.0643121e-12
1.1852782e-12
1.3175517e-12
1.4619199e-12
1.6191988e-12
1.7902318e-12
1.9758883e-12
2.1770621e-12
2.3946691e-12
2.6296453e-12
2.8829448e-12
3.1555365e-12
3.4484018e-12
3.7625315e-12
4.0989225e-12
4.4585744e-12
4.8424862e-12
5.2516525e-12
5.6870597e-12
6.1496822e-12
6.6404788e-12
7.1603882e-12
7.7103253e-12
8.2911775e-12
8.9038003e-12
9.5490142e-12
1.0227600e-11
1.0940297e-11
1.1687797e-11
1.2470744e-11
1.3289728e-11
1.4145288e-11
1.5037901e-11
1.5967989e-11
1.6935911e-11
1.7941964e-11
1.8986383e-11
2.0069340e-11
2.1190941e-11
2.2351231e-11
2.3550191e-11
2.4787743e-11
2.6063748e-11
2.7378011e-11
2.8730282e-11
3.0120260e-11
3.1547597e-11
3.3011898e-11
3.4512733e-11
3.6049635e-11
3.7622107e-11
3.9229627e-11
4.0871657e-11
4.2547641e-11
4.4257020e-11
4.5999231e-11
4.7773716e-11
4.9579926e-11
5.1417331e-11
5.3285420e-11
5.5183711e-11
5.7111754e-11
5.9069136e-11
6.1055485e-11
6.3070476e-11
6.5113832e-11
6.7185326e-11
6.9284787e-11
7.1412098e-11
7.3567197e-11
7.5750076e-11
7.7960782e-11
8.0199412e-11
8.2466111e-11
8.4761070e-11
8.7084515e-11
8.9436705e-11
9.1817926e-11
9.4228478e-11
9.6668666e-11
9.9138795e-11
1.0163915e-10
1.0417000e-10
1.0673155e-10
1.0932398e-10
1.1194738e-10
1.1460176e-10
1.1728704e-10
1.2000302e-10
1.2274936e-10
1.2552559e-10
1.2833108e-10
1.3116500e-10
1.3402636e-10
1.3691394e-10
1.3982632e-10
1.4276185e-10
1.4571862e-10
1.4869449e-10
1.5168707e-10
1.5469368e-10
1.5771140e-10
1.6073702e-10
1.6376708e-10
1.6679783e-10
1.6982527e-10
1.7284513e-10
1.7585292e-10
1.7884388e-10
1.8181304e-10
1.8475523e-10
1.8766507e-10
1.9053703e-10
1.9336542e-10
1.9614444e-10
1.9886818e-10
2.0153068e-10
2.0412594e-10
2.0664794e-10
2.0909072e-10
2.1144835e-10
2.1371503e-10
2.1588505e-10
2.1795291e-10
2.1991328e-10
2.2176111e-10
2.2349157e-10
2.2510019e-10
2.2658279e-10
2.2793558e-10
2.2915519e-10
2.3023863e-10
2.3118340e-10
2.3198744e-10
2.3264921e-10
2.3316764e-10
2.3354221e-10
2.3377291e-10
2.3386029e-10
2.3380540e-10
2.3360986e-10
2.3327581e-10
2.3280592e-10
2.3220337e-10
2.3147182e-10
2.3061545e-10
2.2963886e-10
2.2854712e-10
2.2734567e-10
2.2604036e-10
2.2463735e-10
2.2314315e-10
2.2156452e-10
2.1990844e-10
2.1818211e-10
2.1639288e-10
2.1454821e-10
2.1265563e-10
2.1072269e-10
2.0875695e-10
2.0676589e-10
2.0475691e-10
2.0273729e-10
2.0071410e-10
1.9869424e-10
1.9668434e-10
1.9469077e-10
1.9271958e-10
1.9077651e-10
1.8886690e-10
1.8699574e-10
1.8516760e-10
1.8338665e-10
1.8165660e-10
1.7998074e-10
1.7836188e-10
1.7680239e-10
1.7530416e-10
1.7386864e-10
1.7249680e-10
1.7118918e-10
1.6994586e-10
1.6876649e-10
1.6765031e-10
1.6659614e-10
1.6560246e-10
1.6466736e-10
1.6378859e-10
1.6296363e-10
1.6218965e-10
1.6146358e-10
1.6078215e-10
1.6014191e-10
1.5953926e-10
1.5897050e-10
1.5843188e-10
1.5791961e-10
1.5742993e-10
1.5695911e-10
1.5650356e-10
1.5605978e-10
1.5562449e-10
1.5519459e-10
1.5476725e-10
1.5433990e-10
1.5391030e-10
1.5347655e-10
1.5303710e-10
1.5259080e-10
1.5213688e-10
1.5167501e-10
1.5120524e-10
1.5072809e-10
1.5024444e-10
1.4975562e-10
1.4926333e-10
1.4876965e-10
1.4827700e-10
1.4778813e-10
1.4730604e-10
1.4683400e-10
1.4637545e-10
1.4593399e-10
1.4551331e-10
1.4511714e-10
1.4474916e-10
1.4441301e-10
1.4411218e-10
1.4384993e-10
1.4362928e-10
1.4345295e-10
1.4332325e-10
1.4324207e-10
1.4321083e-10
1.4323042e-10
1.4330113e-10
1.4342269e-10
1.4359416e-10
1.4381396e-10
1.4407981e-10
1.4438875e-10
1.4473713e-10
1.4512061e-10
1.4553414e-10
1.4597206e-10
1.4642803e-10
1.4689513e-10
1.4736589e-10
1.4783228e-10
1.4828586e-10
1.4871775e-10
1.4911875e-10
1.4947936e-10
1.4978991e-10
1.5004058e-10
1.5022151e-10
1.5032288e-10
1.5033494e-10
1.5024816e-10
1.5005325e-10
1.4974129e-10
1.4930374e-10
1.4873255e-10
1.4802023e-10
1.4715989e-10
1.4614532e-10
1.4497102e-10
1.4363226e-10
1.4212512e-10
1.4044652e-10
1.3859423e-10
1.3656694e-10
1.3436420e-10
1.3198650e-10
1.2943522e-10
1.2671264e-10
1.2382194e-10
1.2076716e-10
1.1755317e-10
1.1418567e-10
1.1067113e-10
1.0701675e-10
1.0323045e-10
9.9320778e-11
9.5296881e-11
9.1168465e-11
8.6945731e-11
8.2639325e-11
7.8260287e-11
7.3819997e-11
6.9330128e-11
6.4802590e-11
6.0249490e-11
5.5683080e-11
5.1115718e-11
4.6559828e-11
4.2027858e-11
3.7532247e-11
3.3085393e-11
2.8699620e-11
2.4387150e-11
2.0160078e-11
1.6030342e-11
1.2009706e-11
8.1097271e-12
4.3417395e-12
7.1682773e-13
-2.7541966e-12
-6.0608195e-12
-9.1928505e-12
-1.2140450e-11
-1.4894158e-11
-1.7444925e-11
-1.9784143e-11
-2.1903683e-11
-2.3795928e-11
-2.5453813e-11
-2.6870862e-11
-2.8041229e-11
-2.8959741e-11
-2.9621935e-11
-3.0024101e-11
-3.0163320e-11
-3.0037503e-11
-2.9645429e-11
-2.8986770e-11
-2.8062128e-11
-2.6873055e-11
-2.5422073e-11
-2.3712690e-11
-2.1749404e-11
-1.9537710e-11
-1.7084088e-11
-1.4395996e-11
-1.1481847e-11
-8.3509846e-12
-5.0136463e-12
-1.4809240e-12
2.2352846e-12
6.1223293e-12
1.0166868e-11
1.4354932e-11
1.8671994e-11
2.3103046e-11
2.7632673e-11
3.2245133e-11
3.6924441e-11
4.1654449e-11
4.6418929e-11
5.1201658e-11
5.5986495e-11
6.0757463e-11
6.5498824e-11
7.0195154e-11
7.4831409e-11
7.9392993e-11
8.3865819e-11
8.8236360e-11
9.2491704e-11
9.6619597e-11
1.0060848e-10
1.0444752e-10
1.0812666e-10
1.1163659e-10
1.1496884e-10
1.1811573e-10
1.2107039e-10
1.2382679e-10
1.2637974e-10
1.2872485e-10
1.3085858e-10
1.3277817e-10
1.3448170e-10
1.3596804e-10
1.3723685e-10
1.3828857e-10
1.3912440e-10
1.3974632e-10
1.4015703e-10
1.4035998e-10
1.4035933e-10
1.4015995e-10
1.3976739e-10
1.3918791e-10
1.3842837e-10
1.3749631e-10
1.3639986e-10
1.3514773e-10
1.3374921e-10
1.3221410e-10
1.3055266e-10
1.2877564e-10
1.2689417e-10
1.2491972e-10
1.2286409e-10
1.2073932e-10
1.1855764e-10
1.1633142e-10
1.1407310e-10
1.1179514e-10
1.0950997e-10
1.0722988e-10
1.0496704e-10
1.0273337e-10
1.0054053e-10
9.8399872e-11
9.6322368e-11
9.4318594e-11
9.2398683e-11
9.0572299e-11
8.8848609e-11
8.7236264e-11
8.5743382e-11
8.4377538e-11
8.3145750e-11
8.2054479e-11
8.1109619e-11
8.0316499e-11
7.9679874e-11
7.9203926e-11
7.8892255e-11
7.8747872e-11
7.8773189e-11
7.8970002e-11
7.9339481e-11
7.9882141e-11
8.0597825e-11
8.1485678e-11
8.2544117e-11
8.3770808e-11
8.5162635e-11
8.6715681e-11
8.8425199e-11
9.0285605e-11
9.2290460e-11
9.4432471e-11
9.6703499e-11
9.9094572e-11
1.0159592e-10
1.0419699e-10
1.0688655e-10
1.0965269e-10
1.1248294e-10
1.1536434e-10
1.1828354e-10
1.2122693e-10
1.2418071e-10
1.2713109e-10
1.3006436e-10
1.3296705e-10
1.3582608e-10
1.3862889e-10
1.4136359e-10
1.4401912e-10
1.4658533e-10
1.4905317e-10
1.5141478e-10
1.5366360e-10
1.5579446e-10
1.5780368e-10
1.5968913e-10
1.6145025e-10
1.6308810e-10
1.6460537e-10
1.6600632e-10
1.6729678e-10
1.6848405e-10
1.6957683e-10
1.7058507e-10
1.7151987e-10
1.7239328e-10
1.7321815e-10
1.7400787e-10
1.7477622e-10
1.7553706e-10
1.7630413e-10
1.7709080e-10
1.7790977e-10
1.7877283e-10
1.7969063e-10
1.8067238e-10
1.8172567e-10
1.8285619e-10
1.8406761e-10
1.8536131e-10
1.8673633e-10
1.8818918e-10
1.8971380e-10
1.9130150e-10
1.9294097e-10
1.9461827e-10
1.9631696e-10
1.9801816e-10
1.9970072e-10
2.0134140e-10
2.0291508e-10
2.0439503e-10
2.0575316e-10
2.0696033e-10
2.0798665e-10
2.0880186e-10
2.0937561e-10
2.0967782e-10
2.0967907e-10
2.0935085e-10
2.0866596e-10
2.0759879e-10
2.0612560e-10
2.0422480e-10
2.0187719e-10
1.9906617e-10
1.9577793e-10
1.9200157e-10
1.8772927e-10
1.8295632e-10
1.7768118e-10
1.7190556e-10
1.6563430e-10
1.5887541e-10
1.5163999e-10
1.4394207e-10
1.3579857e-10
1.2722906e-10
1.1825567e-10
1.0890287e-10
9.9197241e-11
8.9167304e-11
7.8843246e-11
6.8256700e-11
5.7440486e-11
4.6428360e-11
3.5254756e-11
2.3954525e-11
1.2562678e-11
1.1141336e-12
-1.0356530e-11
-2.1815317e-11
-3.3229041e-11
-4.4565548e-11
-5.5793917e-11
-6.6884658e-11
-7.7809886e-11
-8.8543483e-11
-9.9061243e-11
-1.0934100e-10
-1.1936275e-10
-1.2910874e-10
-1.3856354e-10
-1.4771415e-10
-1.5655000e-10
-1.6506304e-10
-1.7324775e-10
-1.8110116e-10
-1.8862285e-10
-1.9581500e-10
-2.0268230e-10
-2.0923203e-10
-2.1547395e-10
-2.2142032e-10
-2.2708586e-10
-2.3248766e-10
-2.3764517e-10
-2.4258008e-10
-2.4731627e-10
-2.5187970e-10
-2.5629829e-10
-2.6060177e-10
-2.6482155e-10
-2.6899055e-10
-2.7314295e-10
-2.7731405e-10
-2.8153994e-10
-2.8585731e-10
-2.9030310e-10
-2.9491419e-10
-2.9972712e-10
-3.0477768e-10
-3.1010058e-10
-3.1572904e-10
-3.2169446e-10
-3.2802600e-10
-3.3475021e-10
-3.4189071e-10
-3.4946776e-10
-3.5749803e-10
-3.6599424e-10
-3.7496493e-10
-3.8441427e-10
-3.9434183e-10
-4.0474252e-10
-4.1560652e-10
-4.2691923e-10
-4.3866138e-10
-4.5080911e-10
-4.6333415e-10
-4.7620405e-10
-4.8938249e-10
-5.0282958e-10
-5.1650230e-10
-5.3035488e-10
-5.4433935e-10
-5.5840598e-10
-5.7250385e-10
-5.8658144e-10
-6.0058713e-10
-6.1446986e-10
-6.2817968e-10
-6.4166830e-10
-6.5488969e-10
-6.6780062e-10
-6.8036115e-10
-6.9253512e-10
-7.0429060e-10
-7.1560027e-10
-7.2644179e-10
-7.3679805e-10
-7.4665742e-10
-7.5601393e-10
-7.6486734e-10
-7.7322321e-10
-7.8109281e-10
-7.8849306e-10
-7.9544635e-10
-8.0198026e-10
-8.0812731e-10
-8.1392456e-10
-8.1941321e-10
-8.2463815e-10
-8.2964739e-10
-8.3449162e-10
-8.3922357e-10
-8.4389745e-10
-8.4856839e-10
-8.5329184e-10
-8.5812301e-10
-8.6311631e-10
-8.6832484e-10
-8.7379992e-10
-8.7959064e-10
-8.8574351e-10
-8.9230207e-10
-8.9930667e-10
-9.0679424e-10
-9.1479815e-10
-9.2334809e-10
-9.3247009e-10
-9.4218648e-10
-9.5251601e-10
-9.6347395e-10
-9.7507224e-10
-9.8731968e-10
-1.0002221e-09
-1.0137827e-09
-1.0280020e-09
-1.0428785e-09
-1.0584084e-09
-1.0745861e-09
-1.0914043e-09
-1.1088540e-09
-1.1269248e-09
-1.1456048e-09
-1.1648806e-09
-1.1847373e-09
-1.2051583e-09
-1.2261256e-09
-1.2476189e-09
-1.2696160e-09
-1.2920925e-09
-1.3150212e-09
-1.3383723e-09
-1.3621128e-09
-1.3862067e-09
-1.4106142e-09
-1.4352919e-09
-1.4601929e-09
-1.4852660e-09
-1.5104564e-09
-1.5357051e-09
-1.5609497e-09
-1.5861237e-09
-1.6111577e-09
-1.6359787e-09
-1.6605115e-09
-1.6846783e-09
-1.7083996e-09
-1.7315949e-09
-1.7541829e-09
-1.7760826e-09
-1.7972134e-09
-1.8174966e-09
-1.8368553e-09
-1.8552157e-09
-1.8725074e-09
-1.8886645e-09
-1.9036256e-09
-1.9173352e-09
-1.9297434e-09
-1.9408071e-09
-1.9504900e-09
-1.9587627e-09
-1.9656037e-09
-1.9709988e-09
-1.9749414e-09
-1.9774325e-09
-1.9784805e-09
-1.9781010e-09
-1.9763163e-09
-1.9731551e-09
-1.9686520e-09
-1.9628468e-09
-1.9557838e-09
-1.9475113e-09
-1.9380807e-09
-1.9275454e-09
-1.9159606e-09
-1.9033821e-09
-1.8898653e-09
-1.8754647e-09
-1.8602334e-09
-1.8442216e-09
-1.8274766e-09
-1.8100421e-09
-1.7919575e-09
-1.7732578e-09
-1.7539730e-09
-1.7341280e-09
-1.7137426e-09
-1.6928313e-09
-1.6714036e-09
-1.6494640e-09
-1.6270124e-09
-1.6040447e-09
-1.5805527e-09
-1.5565253e-09
-1.5319487e-09
-1.5068071e-09
-1.4810835e-09
-1.4547603e-09
-1.4278203e-09
-1.4002471e-09
-1.3720260e-09
-1.3431447e-09
-1.3135939e-09
-1.2833681e-09
-1.2524658e-09
-1.2208903e-09
-1.1886501e-09
-1.1557589e-09
-1.1222362e-09
-1.0881071e-09
-1.0534025e-09
-1.0181592e-09
-9.8241904e-10
-9.4622944e-10
-9.0964238e-10
-8.7271420e-10
-8.3550493e-10
-7.9807764e-10
-7.6049772e-10
-7.2283207e-10
-6.8514826e-10
-6.4751365e-10
-6.0999452e-10
-5.7265511e-10
-5.3555680e-10
-4.9875716e-10
-4.6230920e-10
-4.2626051e-10
-3.9065264e-10
-3.5552042e-10
-3.2089145e-10
-2.8678568e-10
-2.5321513e-10
-2.2018368e-10
-1.8768704e-10
-1.5571284e-10
-1.2424085e-10
-9.3243336e-11
-6.2685545e-11
-3.2526309e-11
-2.7187735e-12
2.6788784e-11
5.6052041e-11
8.5129647e-11
1.1408219e-10
1.4297110e-10
1.7185760e-10
2.0080157e-10
2.2986053e-10
2.5908859e-10
2.8853549e-10
3.1824576e-10
3.4825788e-10
3.7860366e-10
4.0930763e-10
4.4038666e-10
4.7184962e-10
5.0369723e-10
5.3592200e-10
5.6850834e-10
6.0143274e-10
6.3466411e-10
6.6816415e-10
7.0188788e-10
7.3578417e-10
7.6979637e-10
8.0386295e-10
8.3791818e-10
8.7189282e-10
9.0571479e-10
9.3930984e-10
9.7260217e-10
1.0055151e-09
1.0379715e-09
1.0698945e-09
1.1012079e-09
1.1318366e-09
1.1617069e-09
1.1907472e-09
1.2188879e-09
1.2460621e-09
1.2722057e-09
1.2972577e-09
1.3211606e-09
1.3438604e-09
1.3653072e-09
1.3854553e-09
1.4042632e-09
1.4216946e-09
1.4377179e-09
1.4523070e-09
1.4654410e-09
1.4771053e-09
1.4872910e-09
1.4959952e-09
1.5032218e-09
1.5089808e-09
1.5132885e-09
1.5161679e-09
1.5176479e-09
1.5177637e-09
1.5165562e-09
1.5140715e-09
1.5103607e-09
1.5054791e-09
1.4994860e-09
1.4924434e-09
1.4844157e-09
1.4754687e-09
1.4656689e-09
1.4550827e-09
1.4437752e-09
1.4318099e-09
1.4192478e-09
1.4061466e-09
1.3925599e-09
1.3785371e-09
1.3641227e-09
1.3493560e-09
1.3342711e-09
1.3188964e-09
1.3032549e-09
1.2873646e-09
1.2712382e-09
1.2548840e-09
1.2383059e-09
1.2215044e-09
1.2044768e-09
1.1872182e-09
1.1697218e-09
1.1519800e-09
1.1339849e-09
1.1157288e-09
1.0972052e-09
1.0784092e-09
1.0593378e-09
1.0399910e-09
1.0203715e-09
1.0004852e-09
9.8034173e-10
9.5995404e-10
9.3933879e-10
9.1851616e-10
8.9750972e-10
8.7634620e-10
8.5505528e-10
8.3366919e-10
8.1222241e-10
7.9075124e-10
7.6929342e-10
7.4788769e-10
7.2657341e-10
7.0539013e-10
6.8437725e-10
6.6357366e-10
6.4301741e-10
6.2274547e-10
6.0279344e-10
5.8319539e-10
5.6398367e-10
5.4518876e-10
5.2683915e-10
5.0896128e-10
4.9157942e-10
4.7471562e-10
4.5838961e-10
4.4261879e-10
4.2741807e-10
4.1279982e-10
3.9877379e-10
3.8534693e-10
3.7252330e-10
3.6030392e-10
3.4868662e-10
3.3766586e-10
3.2723260e-10
3.1737417e-10
3.0807411e-10
2.9931208e-10
2.9106379e-10
2.8330098e-10
2.7599140e-10
2.6909890e-10
2.6258354e-10
2.5640178e-10
2.5050668e-10
2.4484827e-10
2.3937384e-10
2.3402840e-10
2.2875517e-10
2.2349605e-10
2.1819220e-10
2.1278466e-10
2.0721492e-10
2.0142556e-10
1.9536084e-10
1.8896738e-10
1.8219464e-10
1.7499555e-10
1.6732698e-10
1.5915018e-10
1.5043116e-10
1.4114105e-10
1.3125628e-10
1.2075880e-10
1.0963616e-10
9.7881524e-11
8.5493635e-11
7.2476710e-11
5.8840276e-11
4.4598968e-11
2.9772290e-11
1.4384346e-11
-1.5364333e-12
-1.7957580e-11
-3.4842869e-11
-5.2152586e-11
-6.9843788e-11
-8.7870535e-11
-1.0618411e-10
-1.2473322e-10
-1.4346418e-10
-1.6232108e-10
-1.8124597e-10
-2.0017905e-10
-2.1905884e-10
-2.3782244e-10
-2.5640578e-10
-2.7474392e-10
-2.9277141e-10
-3.1042275e-10
-3.2763282e-10
-3.4433746e-10
-3.6047408e-10
-3.7598229e-10
-3.9080464e-10
-4.0488737e-10
-4.1818114e-10
-4.3064185e-10
-4.4223137e-10
-4.5291828e-10
-4.6267859e-10
-4.7149626e-10
-4.7936383e-10
-4.8628277e-10
-4.9226375e-10
-4.9732687e-10
-5.0150159e-10
-5.0482659e-10
-5.0734949e-10
-5.0912633e-10
-5.1022093e-10
-5.1070413e-10
-5.1065284e-10
-5.1014896e-10
-5.0927826e-10
-5.0812908e-10
-5.0679103e-10
-5.0535362e-10
-5.0390487e-10
-5.0252997e-10
-5.0130996e-10
-5.0032041e-10
-4.9963031e-10
-4.9930100e-10
-4.9938521e-10
-4.9992634e-10
-5.0095782e-10
-5.0250266e-10
-5.0457326e-10
-5.0717128e-10
-5.1028782e-10
-5.1390367e-10
-5.1798980e-10
-5.2250797e-10
-5.2741152e-10
-5.3264621e-10
-5.3815123e-10
-5.4386024e-10
-5.4970251e-10
-5.5560403e-10
-5.6148868e-10
-5.6727936e-10
-5.7289909e-10
-5.7827203e-10
-5.8332449e-10
-5.8798576e-10
-5.9218894e-10
-5.9587158e-10
-5.9897627e-10
-6.0145105e-10
-6.0324977e-10
-6.0433228e-10
-6.0466455e-10
-6.0421867e-10
-6.0297276e-10
-6.0091078e-10
-5.9802231e-10
-5.9430219e-10
-5.8975021e-10
-5.8437070e-10
-5.7817206e-10
-5.7116639e-10
-5.6336896e-10
-5.5479785e-10
-5.4547342e-10
-5.3541797e-10
-5.2465528e-10
-5.1321029e-10
-5.0110870e-10
-4.8837668e-10
-4.7504060e-10
-4.6112672e-10
-4.4666103e-10
-4.3166898e-10
-4.1617536e-10
-4.0020414e-10
-3.8377832e-10
-3.6691985e-10
-3.4964953e-10
-3.3198700e-10
-3.1395063e-10
-2.9555754e-10
-2.7682362e-10
-2.5776352e-10
-2.3839072e-10
-2.1871760e-10
-1.9875552e-10
-1.7851495e-10
-1.5800558e-10
-1.3723651e-10
-1.1621641e-10
-9.4953680e-11
-7.3456671e-11
-5.1733870e-11
-2.9794105e-11
-7.6467345e-12
1.4698167e-11
3.7229638e-11
5.9935682e-11
8.2803134e-11
1.0581756e-10
1.2896316e-10
1.5222274e-10
1.7557766e-10
1.9900784e-10
2.2249176e-10
2.4600649e-10
2.6952772e-10
2.9302980e-10
3.1648578e-10
3.3986744e-10
3.6314531e-10
3.8628865e-10
4.0926550e-10
4.3204255e-10
4.5458520e-10
4.7685740e-10
4.9882164e-10
5.2043884e-10
5.4166825e-10
5.6246744e-10
5.8279217e-10
6.0259643e-10
6.2183242e-10
6.4045062e-10
6.5839992e-10
6.7562774e-10
6.9208034e-10
7.0770307e-10
7.2244081e-10
7.3623832e-10
7.4904085e-10
7.6079462e-10
7.7144744e-10
7.8094938e-10
7.8925341e-10
7.9631606e-10
8.0209814e-10
8.0656533e-10
8.0968883e-10
8.1144598e-10
8.1182071e-10
8.1080410e-10
8.0839468e-10
8.0459880e-10
7.9943088e-10
7.9291347e-10
7.8507739e-10
7.7596160e-10
7.6561315e-10
7.5408685e-10
7.4144502e-10
7.2775698e-10
7.1309859e-10
6.9755161e-10
6.8120300e-10
6.6414411e-10
6.4646981e-10
6.2827754e-10
6.0966630e-10
5.9073555e-10
5.7158409e-10
5.5230888e-10
5.3300389e-10
5.1375888e-10
4.9465829e-10
4.7578006e-10
4.5719462e-10
4.3896387e-10
4.2114036e-10
4.0376655e-10
3.8687418e-10
3.7048391e-10
3.5460503e-10
3.3923546e-10
3.2436189e-10
3.0996009e-10
2.9599555e-10
2.8242418e-10
2.6919322e-10
2.5624239e-10
2.4350511e-10
2.3090986e-10
2.1838164e-10
2.0584352e-10
1.9321818e-10
1.8042949e-10
1.6740408e-10
1.5407281e-10
1.4037215e-10
1.2624555e-10
1.1164451e-10
9.6529672e-11
8.0871581e-11
6.4651367e-11
4.7861168e-11
3.0504381e-11
1.2595680e-11
-5.8391496e-12
-2.4763598e-11
-4.4131000e-11
-6.3885288e-11
-8.3961916e-11
-1.0428893e-10
-1.2478819e-10
-1.4537662e-10
-1.6596770e-10
-1.8647281e-10
-2.0680279e-10
-2.2686939e-10
-2.4658671e-10
-2.6587264e-10
-2.8465012e-10
-3.0284838e-10
-3.2040401e-10
-3.3726180e-10
-3.5337558e-10
-3.6870864e-10
-3.8323416e-10
-3.9693528e-10
-4.0980503e-10
-4.2184604e-10
-4.3307010e-10
-4.4349744e-10
-4.5315598e-10
-4.6208036e-10
-4.7031091e-10
-4.7789251e-10
-4.8487350e-10
-4.9130447e-10
-4.9723715e-10
-5.0272339e-10
-5.0781411e-10
-5.1255853e-10
-5.1700337e-10
-5.2119233e-10
-5.2516563e-10
-5.2895982e-10
-5.3260762e-10
-5.3613804e-10
-5.3957655e-10
-5.4294540e-10
-5.4626410e-10
-5.4954982e-10
-5.5281806e-10
-5.5608313e-10
-5.5935876e-10
-5.6265863e-10
-5.6599687e-10
-5.6938847e-10
-5.7284956e-10
-5.7639772e-10
-5.8005198e-10
-5.8383288e-10
-5.8776234e-10
-5.9186338e-10
-5.9615981e-10
-6.0067577e-10
-6.0543525e-10
-6.1046146e-10
-6.1577622e-10
-6.2139933e-10
-6.2734785e-10
-6.3363550e-10
-6.4027196e-10
-6.4726235e-10
-6.5460666e-10
-6.6229929e-10
-6.7032870e-10
-6.7867710e-10
-6.8732031e-10
-6.9622768e-10
-7.0536215e-10
-7.1468042e-10
-7.2413325e-10
-7.3366587e-10
-7.4321853e-10
-7.5272706e-10
-7.6212372e-10
-7.7133791e-10
-7.8029717e-10
-7.8892805e-10
-7.9715716e-10
-8.0491217e-10
-8.1212283e-10
-8.1872195e-10
-8.2464636e-10
-8.2983775e-10
-8.3424349e-10
-8.3781726e-10
-8.4051957e-10
-8.4231822e-10
-8.4318842e-10
-8.4311294e-10
-8.4208199e-10
-8.4009294e-10
-8.3714990e-10
-8.3326319e-10
-8.2844866e-10
-8.2272689e-10
-8.1612233e-10
-8.0866242e-10
-8.0037665e-10
-7.9129566e-10
-7.8145033e-10
-7.7087098e-10
-7.5958666e-10
-7.4762447e-10
-7.3500915e-10
-7.2176262e-10
-7.0790383e-10
-6.9344864e-10
-6.7840993e-10
-6.6279773e-10
-6.4661961e-10
-6.2988104e-10
-6.1258597e-10
-5.9473738e-10
-5.7633791e-10
-5.5739057e-10
-5.3789941e-10
-5.1787015e-10
-4.9731092e-10
-4.7623278e-10
-4.5465038e-10
-4.3258238e-10
-4.1005193e-10
-3.8708702e-10
-3.6372080e-10
-3.3999172e-10
-3.1594373e-10
-2.9162629e-10
-2.6709438e-10
-2.4240837e-10
-2.1763387e-10
-1.9284151e-10
-1.6810662e-10
-1.4350888e-10
-1.1913186e-10
-9.5062579e-11
-7.1390893e-11
-4.8208938e-11
-2.5610437e-11
-3.6899812e-12
1.7457737e-11
3.7738751e-11
5.7060676e-11
7.5333613e-11
9.2471071e-11
1.0839091e-10
1.2301628e-10
1.3627659e-10
1.4810842e-10
1.5845636e-10
1.6727394e-10
1.7452430e-10
1.8018091e-10
1.8422816e-10
1.8666175e-10
1.8748906e-10
1.8672929e-10
1.8441345e-10
1.8058419e-10
1.7529547e-10
1.6861198e-10
1.6060850e-10
1.5136896e-10
1.4098541e-10
1.2955689e-10
1.1718805e-10
1.0398778e-10
9.0067737e-11
7.5540809e-11
6.0519591e-11
4.5114881e-11
2.9434244e-11
1.3580664e-11
-2.3486757e-12
-1.8263455e-11
-3.4081099e-11
-4.9727454e-11
-6.5137263e-11
-8.0254402e-11
-9.5031905e-11
-1.0943177e-10
-1.2342457e-10
-1.3698885e-10
-1.5011043e-10
-1.6278154e-10
-1.7499984e-10
-1.8676745e-10
-1.9808995e-10
-2.0897537e-10
-2.1943327e-10
-2.2947391e-10
-2.3910758e-10
-2.4834396e-10
-2.5719182e-10
-2.6565870e-10
-2.7375092e-10
-2.8147368e-10
-2.8883129e-10
-2.9582761e-10
-3.0246655e-10
-3.0875262e-10
-3.1469163e-10
-3.2029127e-10
-3.2556176e-10
-3.3051645e-10
-3.3517224e-10
-3.3954997e-10
-3.4367470e-10
-3.4757570e-10
-3.5128644e-10
-3.5484428e-10
-3.5829010e-10
-3.6166768e-10
-3.6502301e-10
-3.6840341e-10
-3.7185664e-10
-3.7542982e-10
-3.7916839e-10
-3.8311500e-10
-3.8730848e-10
-3.9178275e-10
-3.9656584e-10
-4.0167905e-10
-4.0713611e-10
-4.1294251e-10
-4.1909496e-10
-4.2558100e-10
-4.3237867e-10
-4.3945643e-10
-4.4677307e-10
-4.5427787e-10
-4.6191083e-10
-4.6960295e-10
-4.7727666e-10
-4.8484637e-10
-4.9221900e-10
-4.9929464e-10
-5.0596729e-10
-5.1212559e-10
-5.1765364e-10
-5.2243192e-10
-5.2633813e-10
-5.2924825e-10
-5.3103745e-10
-5.3158124e-10
-5.3075653e-10
-5.2844276e-10
-5.2452312e-10
-5.1888568e-10
-5.1142471e-10
-5.0204182e-10
-4.9064722e-10
-4.7716095e-10
-4.6151402e-10
-4.4364953e-10
-4.2352378e-10
-4.0110718e-10
-3.7638515e-10
-3.4935890e-10
-3.2004601e-10
-2.8848092e-10
-2.5471524e-10
-2.1881788e-10
-1.8087496e-10
-1.4098961e-10
-9.9281428e-11
-5.5885828e-11
-1.0953138e-11
3.5352543e-11
8.2854686e-11
1.3136590e-10
1.8068967e-10
2.3062234e-10
2.8095523e-10
3.3147684e-10
3.8197532e-10
4.3224082e-10
4.8206804e-10
5.3125867e-10
5.7962385e-10
6.2698644e-10
6.7318320e-10
7.1806674e-10
7.6150721e-10
8.0339372e-10
8.4363538e-10
8.8216202e-10
9.1892449e-10
9.5389457e-10
9.8706451e-10
1.0184461e-09
1.0480695e-09
1.0759815e-09
1.1022438e-09
1.1269308e-09
1.1501272e-09
1.1719254e-09
1.1924235e-09
1.2117219e-09
1.2299217e-09
1.2471217e-09
1.2634164e-09
1.2788941e-09
1.2936355e-09
1.3077114e-09
1.3211829e-09
1.3340997e-09
1.3465002e-09
1.3584113e-09
1.3698488e-09
1.3808179e-09
1.3913140e-09
1.4013238e-09
1.4108267e-09
1.4197958e-09
1.4281998e-09
1.4360040e-09
1.4431725e-09
1.4496690e-09
1.4554587e-09
1.4605093e-09
1.4647925e-09
1.4682847e-09
1.4709680e-09
1.4728309e-09
1.4738685e-09
1.4740831e-09
1.4734840e-09
1.4720872e-09
1.4699155e-09
1.4669974e-09
1.4633666e-09
1.4590614e-09
1.4541231e-09
1.4485951e-09
1.4425221e-09
1.4359480e-09
1.4289154e-09
1.4214638e-09
1.4136283e-09
1.4054388e-09
1.3969188e-09
1.3880841e-09
1.3789426e-09
1.3694931e-09
1.3597256e-09
1.3496206e-09
1.3391495e-09
1.3282749e-09
1.3169513e-09
1.3051257e-09
1.2927391e-09
1.2797273e-09
1.2660224e-09
1.2515549e-09
1.2362548e-09
1.2200536e-09
1.2028860e-09
1.1846920e-09
1.1654182e-09
1.1450195e-09
1.1234611e-09
1.1007190e-09
1.0767822e-09
1.0516527e-09
1.0253472e-09
9.9789670e-10
9.6934760e-10
9.3976125e-10
9.0921392e-10
8.7779630e-10
8.4561285e-10
8.1278077e-10
7.7942891e-10
7.4569631e-10
7.1173058e-10
6.7768614e-10
6.4372218e-10
6.1000051e-10
5.7668331e-10
5.4393071e-10
5.1189836e-10
4.8073495e-10
4.5057974e-10
4.2156019e-10
3.9378965e-10
3.6736529e-10
3.4236620e-10
3.1885179e-10
2.9686054e-10
2.7640906e-10
2.5749162e-10
2.4008010e-10
2.2412437e-10
2.0955318e-10
1.9627545e-10
1.8418205e-10
1.7314796e-10
1.6303478e-10
1.5369358e-10
1.4496794e-10
1.3669716e-10
1.2871961e-10
1.2087600e-10
1.1301262e-10
1.0498437e-10
9.6657582e-11
8.7912485e-11
7.8645351e-11
6.8770168e-11
5.8219871e-11
4.6947095e-11
3.4924427e-11
2.2144185e-11
8.6177258e-12
-5.6256795e-12
-2.0540354e-11
-3.6066063e-11
-5.2130132e-11
-6.8649781e-11
-8.5534587e-11
-1.0268903e-10
-1.2001502e-10
-1.3741438e-10
-1.5479118e-10
-1.7205394e-10
-1.8911749e-10
-2.0590472e-10
-2.2234792e-10
-2.3838982e-10
-2.5398435e-10
-2.6909705e-10
-2.8370509e-10
-2.9779715e-10
-3.1137283e-10
-3.2444192e-10
-3.3702345e-10
-3.4914451e-10
-3.6083894e-10
-3.7214602e-10
-3.8310892e-10
-3.9377338e-10
-4.0418621e-10
-4.1439403e-10
-4.2444202e-10
-4.3437287e-10
-4.4422585e-10
-4.5403616e-10
-4.6383434e-10
-4.7364605e-10
-4.8349193e-10
-4.9338772e-10
-5.0334453e-10
-5.1336932e-10
-5.2346548e-10
-5.3363350e-10
-5.4387175e-10
-5.5417727e-10
-5.6454660e-10
-5.7497646e-10
-5.8546451e-10
-5.9600991e-10
-6.0661374e-10
-6.1727933e-10
-6.2801239e-10
-6.3882094e-10
-6.4971505e-10
-6.6070649e-10
-6.7180805e-10
-6.8303285e-10
-6.9439340e-10
-7.0590062e-10
-7.1756270e-10
-7.2938397e-10
-7.4136372e-10
-7.5349498e-10
-7.6576345e-10
-7.7814645e-10
-7.9061196e-10
-8.0311790e-10
-8.1561151e-10
-8.2802900e-10
-8.4029536e-10
-8.5232450e-10
-8.6401961e-10
-8.7527377e-10
-8.8597083e-10
-8.9598662e-10
-9.0519027e-10
-9.1344585e-10
-9.2061419e-10
-9.2655480e-10
-9.3112799e-10
-9.3419698e-10
-9.3563014e-10
-9.3530307e-10
-9.3310081e-10
-9.2891972e-10
-9.2266939e-10
-9.1427428e-10
-9.0367508e-10
-8.9082996e-10
-8.7571540e-10
-8.5832683e-10
-8.3867894e-10
-8.1680574e-10
-7.9276025e-10
-7.6661405e-10
-7.3845648e-10
-7.0839367e-10
-6.7654734e-10
-6.4305349e-10
-6.0806084e-10
-5.7172930e-10
-5.3422820e-10
-4.9573459e-10
-4.5643142e-10
-4.1650572e-10
-3.7614679e-10
-3.3554439e-10
-2.9488701e-10
-2.5436007e-10
-2.1414432e-10
-1.7441421e-10
-1.3533635e-10
-9.7068145e-11
-5.9756414e-11
-2.3536246e-11
1.1470066e-11
4.5153917e-11
7.7421112e-11
1.0819240e-10
1.3740382e-10
1.6500681e-10
1.9096812e-10
2.1526949e-10
2.3790709e-10
2.5889079e-10
2.7824315e-10
2.9599827e-10
3.1220046e-10
3.2690272e-10
3.4016518e-10
3.5205342e-10
3.6263677e-10
3.7198659e-10
3.8017464e-10
3.8727155e-10
3.9334536e-10
3.9846027e-10
4.0267567e-10
4.0604523e-10
4.0861645e-10
4.1043028e-10
4.1152115e-10
4.1191723e-10
4.1164089e-10
4.1070944e-10
4.0913608e-10
4.0693099e-10
4.0410257e-10
4.0065871e-10
3.9660818e-10
3.9196197e-10
3.8673454e-10
3.8094501e-10
3.7461824e-10
3.6778568e-10
3.6048603e-10
3.5276575e-10
3.4467923e-10
3.3628884e-10
3.2766465e-10
3.1888394e-10
3.1003059e-10
3.0119414e-10
2.9246877e-10
2.8395214e-10
2.7574411e-10
2.6794535e-10
2.6065594e-10
2.5397400e-10
2.4799423e-10
2.4280662e-10
2.3849513e-10
2.3513653e-10
2.3279938e-10
2.3154303e-10
2.3141695e-10
2.3246005e-10
2.3470030e-10
2.3815442e-10
2.4282787e-10
2.4871486e-10
2.5579867e-10
2.6405206e-10
2.7343778e-10
2.8390929e-10
2.9541156e-10
3.0788191e-10
3.2125099e-10
3.3544369e-10
3.5038018e-10
3.6597688e-10
3.8214734e-10
3.9880317e-10
4.1585478e-10
4.3321215e-10
4.5078538e-10
4.6848521e-10
4.8622344e-10
5.0391314e-10
5.2146898e-10
5.3880725e-10
5.5584602e-10
5.7250516e-10
5.8870637e-10
6.0437329e-10
6.1943153e-10
6.3380891e-10
6.4743562e-10
6.6024459e-10
6.7217191e-10
6.8315730e-10
6.9314476e-10
7.0208324e-10
7.0992736e-10
7.1663824e-10
7.2218428e-10
7.2654197e-10
7.2969663e-10
7.3164314e-10
7.3238650e-10
7.3194239e-10
7.3033746e-10
7.2760960e-10
7.2380801e-10
7.1899303e-10
7.1323594e-10
7.0661855e-10
6.9923256e-10
6.9117891e-10
6.8256694e-10
6.7351340e-10
6.6414147e-10
6.5457961e-10
6.4496036e-10
6.3541916e-10
6.2609306e-10
6.1711943e-10
6.0863472e-10
6.0077316e-10
5.9366553e-10
5.8743792e-10
5.8221058e-10
5.7809679e-10
5.7520182e-10
5.7362196e-10
5.7344367e-10
5.7474272e-10
5.7758358e-10
5.8201880e-10
5.8808854e-10
5.9582019e-10
6.0522814e-10
6.1631357e-10
6.2906437e-10
6.4345513e-10
6.5944720e-10
6.7698881e-10
6.9601520e-10
7.1644887e-10
7.3819976e-10
7.6116558e-10
7.8523210e-10
8.1027350e-10
8.3615286e-10
8.6272260e-10
8.8982515e-10
9.1729364e-10
9.4495278e-10
9.7261989e-10
1.0001061e-09
1.0272178e-09
1.0537580e-09
1.0795285e-09
1.1043314e-09
1.1279715e-09
1.1502584e-09
1.1710088e-09
1.1900487e-09
1.2072162e-09
1.2223631e-09
1.2353575e-09
1.2460856e-09
1.2544529e-09
1.2603866e-09
1.2638353e-09
1.2647708e-09
1.2631878e-09
1.2591035e-09
1.2525576e-09
1.2436111e-09
1.2323449e-09
1.2188581e-09
1.2032665e-09
1.1857002e-09
1.1663015e-09
1.1452223e-09
1.1226224e-09
1.0986664e-09
1.0735221e-09
1.0473584e-09
1.0203431e-09
9.9264159e-10
9.6441560e-10
9.3582175e-10
9.0701091e-10
8.7812762e-10
8.4930969e-10
8.2068809e-10
7.9238705e-10
7.6452423e-10
7.3721110e-10
7.1055333e-10
6.8465124e-10
6.5960027e-10
6.3549141e-10
6.1241149e-10
5.9044350e-10
5.6966663e-10
5.5015625e-10
5.3198372e-10
5.1521596e-10
4.9991491e-10
4.8613675e-10
4.7393100e-10
4.6333943e-10
4.5439486e-10
4.4711988e-10
4.4152549e-10
4.3760976e-10
4.3535652e-10
4.3473411e-10
4.3569437e-10
4.3817176e-10
4.4208275e-10
4.4732558e-10
4.5378031e-10
4.6130930e-10
4.6975809e-10
4.7895671e-10
4.8872140e-10
4.9885680e-10
5.0915839e-10
5.1941541e-10
5.2941396e-10
5.3894032e-10
5.4778440e-10
5.5574327e-10
5.6262457e-10
5.6824983e-10
5.7245757e-10
5.7510611e-10
5.7607594e-10
5.7527178e-10
5.7262402e-10
5.6808979e-10
5.6165342e-10
5.5332638e-10
5.4314675e-10
5.3117816e-10
5.1750828e-10
5.0224691e-10
4.8552374e-10
4.6748573e-10
4.4829441e-10
4.2812282e-10
4.0715246e-10
3.8557021e-10
3.6356511e-10
3.4132540e-10
3.1903546e-10
2.9687304e-10
2.7500666e-10
2.5359313e-10
2.3277545e-10
2.1268090e-10
1.9341948e-10
1.7508262e-10
1.5774226e-10
1.4145027e-10
1.2623823e-10
1.1211754e-10
9.9079879e-11
8.7098083e-11
7.6127254e-11
6.6106251e-11
5.6959436e-11
4.8598671e-11
4.0925529e-11
3.3833656e-11
2.7211251e-11
2.0943591e-11
1.4915553e-11
9.0140683e-12
3.1304531e-12
-2.8374378e-12
-8.9832935e-12
-1.5390702e-11
-2.2131823e-11
-2.9266399e-11
-3.6841135e-11
-4.4889443e-11
-5.3431562e-11
-6.2475035e-11
-7.2015522e-11
-8.2037922e-11
-9.2517761e-11
-1.0342281e-10
-1.1471486e-10
-1.2635166e-10
-1.3828884e-10
-1.5048197e-10
-1.6288842e-10
-1.7546922e-10
-1.8819076e-10
-2.0102630e-10
-2.1395714e-10
-2.2697369e-10
-2.4007610e-10
-2.5327465e-10
-2.6658973e-10
-2.8005158e-10
-2.9369956e-10
-3.0758121e-10
-3.2175087e-10
-3.3626808e-10
-3.5119569e-10
-3.6659771e-10
-3.8253694e-10
-3.9907256e-10
-4.1625750e-10
-4.3413586e-10
-4.5274032e-10
-4.7208967e-10
-4.9218649e-10
-5.1301512e-10
-5.3453985e-10
-5.5670360e-10
-5.7942695e-10
-6.0260771e-10
-6.2612104e-10
-6.4982015e-10
-6.7353761e-10
-6.9708724e-10
-7.2026664e-10
-7.4286030e-10
-7.6464322e-10
-7.8538501e-10
-8.0485438e-10
-8.2282393e-10
-8.3907509e-10
-8.5340313e-10
-8.6562215e-10
-8.7556978e-10
-8.8311158e-10
-8.8814503e-10
-8.9060284e-10
-8.9045561e-10
-8.8771375e-10
-8.8242853e-10
-8.7469219e-10
-8.6463723e-10
-8.5243475e-10
-8.3829191e-10
-8.2244867e-10
-8.0517367e-10
-7.8675955e-10
-7.6751784e-10
-7.4777331e-10
-7.2785820e-10
-7.0810634e-10
-6.8884727e-10
-6.7040058e-10
-6.5307060e-10
-6.3714142e-10
-6.2287255e-10
-6.1049513e-10
-6.0020881e-10
-5.9217944e-10
-5.8653733e-10
-5.8337643e-10
-5.8275415e-10
-5.8469186e-10
-5.8917605e-10
-5.9616008e-10
-6.0556646e-10
-6.1728944e-10
-6.3119811e-10
-6.4713963e-10
-6.6494262e-10
-6.8442076e-10
-7.0537622e-10
-7.2760314e-10
-7.5089091e-10
-7.7502730e-10
-7.9980129e-10
-8.2500568e-10
-8.5043937e-10
-8.7590931e-10
-9.0123217e-10
-9.2623567e-10
-9.5075962e-10
-9.7465667e-10
-9.9779283e-10
-1.0200478e-09
-1.0413150e-09
-1.0615018e-09
-1.0805291e-09
-1.0983312e-09
-1.1148559e-09
-1.1300639e-09
-1.1439288e-09
-1.1564366e-09
-1.1675860e-09
-1.1773877e-09
-1.1858646e-09
-1.1930516e-09
-1.1989951e-09
-1.2037531e-09
-1.2073946e-09
-1.2099993e-09
-1.2116565e-09
-1.2124651e-09
-1.2125317e-09
-1.2119701e-09
-1.2108993e-09
-1.2094422e-09
-1.2077237e-09
-1.2058684e-09
-1.2039989e-09
-1.2022329e-09
-1.2006817e-09
-1.1994471e-09
-1.1986194e-09
-1.1982756e-09
-1.1984770e-09
-1.1992678e-09
-1.2006736e-09
-1.2027003e-09
-1.2053338e-09
-1.2085396e-09
-1.2122629e-09
-1.2164296e-09
-1.2209476e-09
-1.2257081e-09
-1.2305879e-09
-1.2354520e-09
-1.2401560e-09
-1.2445494e-09
-1.2484789e-09
-1.2517916e-09
-1.2543385e-09
-1.2559774e-09
-1.2565769e-09
-1.2560183e-09
-1.2541990e-09
-1.2510343e-09
-1.2464589e-09
-1.2404288e-09
-1.2329213e-09
-1.2239354e-09
-1.2134911e-09
-1.2016286e-09
-1.1884066e-09
-1.1739000e-09
-1.1581980e-09
-1.1414007e-09
-1.1236166e-09
-1.1049590e-09
-1.0855431e-09
-1.0654830e-09
-1.0448882e-09
-1.0238617e-09
-1.0024968e-09
-9.8087591e-10
-9.5906836e-10
-9.3712977e-10
-9.1510121e-10
-8.9300913e-10
-8.7086555e-10
-8.4866874e-10
-8.2640416e-10
-8.0404561e-10
-7.8155665e-10
-7.5889203e-10
-7.3599928e-10
-7.1282013e-10
-6.8929199e-10
-6.6534927e-10
-6.4092454e-10
-6.1594961e-10
-5.9035640e-10
-5.6407777e-10
-5.3704816e-10
-5.0920423e-10
-4.8048544e-10
-4.5083464e-10
-4.2019869e-10
-3.8852919e-10
-3.5578320e-10
-3.2192418e-10
-2.8692291e-10
-2.5075852e-10
-2.1341963e-10
-1.7490536e-10
-1.3522644e-10
-9.4406128e-11
-5.2481061e-11
-9.5018535e-12
3.4466529e-11
7.9344680e-11
1.2503899e-10
1.7144219e-10
2.1843431e-10
2.6588387e-10
3.1364941e-10
3.6158135e-10
4.0952397e-10
4.5731756e-10
5.0480073e-10
5.5181265e-10
5.9819526e-10
6.4379536e-10
6.8846653e-10
7.3207077e-10
7.7447987e-10
8.1557649e-10
8.5525487e-10
8.9342126e-10
9.2999399e-10
9.6490326e-10
9.9809066e-10
1.0295086e-09
1.0591192e-09
1.0868937e-09
1.1128113e-09
1.1368580e-09
1.1590262e-09
1.1793131e-09
1.1977207e-09
1.2142548e-09
1.2289249e-09
1.2417441e-09
1.2527286e-09
1.2618984e-09
1.2692773e-09
1.2748934e-09
1.2787794e-09
1.2809731e-09
1.2815182e-09
1.2804642e-09
1.2778670e-09
1.2737889e-09
1.2682988e-09
1.2614723e-09
1.2533906e-09
1.2441408e-09
1.2338148e-09
1.2225086e-09
1.2103213e-09
1.1973541e-09
1.1837089e-09
1.1694873e-09
1.1547894e-09
1.1397125e-09
1.1243500e-09
1.1087903e-09
1.0931159e-09
1.0774027e-09
1.0617191e-09
1.0461256e-09
1.0306746e-09
1.0154097e-09
1.0003661e-09
9.8557012e-10
9.7103970e-10
9.5678437e-10
9.4280553e-10
9.2909671e-10
9.1564394e-10
9.0242603e-10
8.8941498e-10
8.7657629e-10
8.6386941e-10
8.5124810e-10
8.3866090e-10
8.2605165e-10
8.1335999e-10
8.0052204e-10
7.8747109e-10
7.7413842e-10
7.6045418e-10
7.4634840e-10
7.3175210e-10
7.1659844e-10
7.0082394e-10
6.8436973e-10
6.6718289e-10
6.4921762e-10
6.3043650e-10
6.1081158e-10
5.9032539e-10
5.6897182e-10
5.4675678e-10
5.2369872e-10
4.9982895e-10
4.7519172e-10
4.4984416e-10
4.2385590e-10
3.9730865e-10
3.7029549e-10
3.4292004e-10
3.1529550e-10
2.8754357e-10
2.5979322e-10
2.3217949e-10
2.0484206e-10
1.7792393e-10
1.5156993e-10
1.2592525e-10
1.0113389e-10
7.7337130e-11
5.4671879e-11
3.3269076e-11
1.3252010e-11
-5.2653688e-12
-2.2180142e-11
-3.7402111e-11
-5.0855450e-11
-6.2480302e-11
-7.2234273e-11
-8.0093795e-11
-8.6055307e-11
-9.0136218e-11
-9.2375594e-11
-9.2834537e-11
-9.1596217e-11
-8.8765510e-11
-8.4468233e-11
-7.8849951e-11
-7.2074350e-11
-6.4321194e-11
-5.5783877e-11
-4.6666607e-11
-3.7181269e-11
-2.7544023e-11
-1.7971712e-11
-8.6781416e-12
1.2966910e-13
8.2551951e-12
1.5515976e-11
2.1746971e-11
2.6803613e-11
3.0564505e-11
3.2933674e-11
3.3842361e-11
3.3250282e-11
3.1146367e-11
2.7548941e-11
2.2505379e-11
1.6091239e-11
8.4089147e-12
-4.1414967e-13
-1.0227628e-11
-2.0860806e-11
-3.2125338e-11
-4.3818195e-11
-5.5724746e-11
-6.7621911e-11
-7.9281332e-11
-9.0472501e-11
-1.0096583e-10
-1.1053560e-10
-1.1896281e-10
-1.2603783e-10
-1.3156299e-10
-1.3535492e-10
-1.3724685e-10
-1.3709067e-10
-1.3475891e-10
-1.3014660e-10
-1.2317297e-10
-1.1378302e-10
-1.0194895e-10
-8.7671457e-11
-7.0980814e-11
-5.1937733e-11
-3.0633997e-11
-7.1927911e-12
1.8231301e-11
4.5452678e-11
7.4255518e-11
1.0439503e-10
1.3559918e-10
1.6757094e-10
1.9999101e-10
2.3252107e-10
2.6480751e-10
2.9648560e-10
3.2718407e-10
3.5653003e-10
3.8415414e-10
4.0969597e-10
4.3280946e-10
4.5316833e-10
4.7047139e-10
4.8444762e-10
4.9486094e-10
5.0151448e-10
5.0425445e-10
5.0297328e-10
4.9761213e-10
4.8816267e-10
4.7466803e-10
4.5722295e-10
4.3597305e-10
4.1111329e-10
3.8288549e-10
3.5157515e-10
3.1750741e-10
2.8104230e-10
2.4256937e-10
2.0250168e-10
1.6126945e-10
1.1931320e-10
7.7076803e-11
3.5000342e-11
-6.4869543e-12
-4.6973588e-11
-8.6072349e-11
-1.2342639e-10
-1.5871471e-10
-1.9165684e-10
-2.2201678e-10
-2.4960586e-10
-2.7428469e-10
-2.9596395e-10
-3.1460418e-10
-3.3021437e-10
-3.4284962e-10
-3.5260776e-10
-3.5962508e-10
-3.6407142e-10
-3.6614450e-10
-3.6606396e-10
-3.6406507e-10
-3.6039238e-10
-3.5529355e-10
-3.4901340e-10
-3.4178844e-10
-3.3384207e-10
-3.2538042e-10
-3.1658904e-10
-3.0763045e-10
-2.9864263e-10
-2.8973830e-10
-2.8100511e-10
-2.7250653e-10
-2.6428347e-10
-2.5635638e-10
-2.4872776e-10
-2.4138499e-10
-2.3430321e-10
-2.2744822e-10
-2.2077927e-10
-2.1425152e-10
-2.0781827e-10
-2.0143273e-10
-1.9504937e-10
-1.8862486e-10
-1.8211855e-10
-1.7549260e-10
-1.6871176e-10
-1.6174291e-10
-1.5455444e-10
-1.4711555e-10
-1.3939550e-10
-1.3136306e-10
-1.2298605e-10
-1.1423107e-10
-1.0506361e-10
-9.5448283e-11
-8.5349511e-11
-7.4732332e-11
-6.3563522e-11
-5.1812862e-11
-3.9454517e-11
-2.6468452e-11
-1.2841803e-11
1.4298845e-12
1.6341604e-11
3.1878119e-11
4.8013501e-11
6.4711043e-11
8.1923539e-11
9.9593963e-11
1.1765650e-10
1.3603794e-10
1.5465928e-10
1.7343763e-10
1.9228823e-10
2.1112642e-10
2.2986973e-10
2.4843974e-10
2.6676376e-10
2.8477621e-10
3.0241975e-10
3.1964592e-10
3.3641542e-10
3.5269803e-10
3.6847203e-10
3.8372334e-10
3.9844429e-10
4.1263215e-10
4.2628752e-10
4.3941252e-10
4.5200907e-10
4.6407719e-10
4.7561350e-10
4.8660989e-10
4.9705260e-10
5.0692154e-10
5.1619010e-10
5.2482531e-10
5.3278845e-10
5.4003604e-10
5.4652125e-10
5.5219558e-10
5.5701083e-10
5.6092127e-10
5.6388596e-10
5.6587105e-10
5.6685209e-10
5.6681619e-10
5.6576398e-10
5.6371134e-10
5.6069070e-10
5.5675204e-10
5.5196340e-10
5.4641095e-10
5.4019853e-10
5.3344678e-10
5.2629167e-10
5.1888264e-10
5.1138025e-10
5.0395345e-10
4.9677646e-10
4.9002539e-10
4.8387460e-10
4.7849289e-10
4.7403967e-10
4.7066110e-10
4.6848636e-10
4.6762407e-10
4.6815911e-10
4.7014973e-10
4.7362514e-10
4.7858376e-10
4.8499197e-10
4.9278361e-10
5.0186021e-10
5.1209200e-10
5.2331959e-10
5.3535651e-10
5.4799238e-10
5.6099682e-10
5.7412385e-10
5.8711680e-10
5.9971365e-10
6.1165252e-10
6.2267728e-10
6.3254313e-10
6.4102196e-10
6.4790738e-10
6.5301922e-10
6.5620745e-10
6.5735538e-10
6.5638198e-10
6.5324337e-10
6.4793336e-10
6.4048300e-10
6.3095925e-10
6.1946272e-10
6.0612455e-10
5.9110260e-10
5.7457695e-10
5.5674494e-10
5.3781582e-10
5.1800520e-10
4.9752943e-10
4.7660012e-10
4.5541886e-10
4.3417242e-10
4.1302838e-10
3.9213148e-10
3.7160068e-10
3.5152699e-10
3.3197220e-10
3.1296845e-10
2.9451869e-10
2.7659800e-10
2.5915560e-10
2.4211774e-10
2.2539108e-10
2.0886669e-10
1.9242441e-10
1.7593748e-10
1.5927736e-10
1.4231853e-10
1.2494315e-10
1.0704551e-10
8.8536065e-11
6.9345014e-11
4.9425252e-11
2.8754699e-11
7.3378726e-12
-1.4793303e-11
-3.7579501e-11
-6.0934792e-11
-8.4748246e-11
-1.0888628e-10
-1.3319571e-10
-1.5750744e-10
-1.8164066e-10
-2.0540751e-10
-2.2861803e-10
-2.5108532e-10
-2.7263077e-10
-2.9308913e-10
-3.1231348e-10
-3.3017974e-10
-3.4659079e-10
-3.6147993e-10
-3.7481365e-10
-3.8659366e-10
-3.9685800e-10
-4.0568124e-10
-4.1317380e-10
-4.1948022e-10
-4.2477662e-10
-4.2926714e-10
-4.3317967e-10
-4.3676076e-10
-4.4026993e-10
-4.4397347e-10
-4.4813784e-10
-4.5302294e-10
-4.5887519e-10
-4.6592089e-10
-4.7435971e-10
-4.8435875e-10
-4.9604716e-10
-5.0951153e-10
-5.2479218e-10
-5.4188049e-10
-5.6071728e-10
-5.8119244e-10
-6.0314570e-10
-6.2636869e-10
-6.5060816e-10
-6.7557038e-10
-7.0092657e-10
-7.2631935e-10
-7.5136995e-10
-7.7568612e-10
-7.9887045e-10
-8.2052906e-10
-8.4028025e-10
-8.5776310e-10
-8.7264563e-10
-8.8463248e-10
-8.9347174e-10
-8.9896099e-10
-9.0095213e-10
-8.9935511e-10
-8.9414034e-10
-8.8533976e-10
-8.7304656e-10
-8.5741353e-10
-8.3865013e-10
-8.1701827e-10
-7.9282708e-10
-7.6642660e-10
-7.3820068e-10
-7.0855920e-10
-6.7792995e-10
-6.4675004e-10
-6.1545746e-10
-5.8448261e-10
-5.5424025e-10
-5.2512194e-10
-4.9748912e-10
-4.7166704e-10
-4.4793959e-10
-4.2654521e-10
-4.0767391e-10
-3.9146537e-10
-3.7800832e-10
-3.6734099e-10
-3.5945276e-10
-3.5428675e-10
-3.5174354e-10
-3.5168559e-10
-3.5394248e-10
-3.5831668e-10
-3.6458980e-10
